Wed Jan 23 12:45:44 EET 2019
Breadth First Search (BFS) started from root node (uppermost) 
Discovered Nodes 390 
---
006600 (-0,931 | -2,302)
81EDE2 (-1,162 | -2,204)
491942 (-0,750 | -2,654)
8FA939 (-1,339 | -2,616)
26F446 (-0,410 | -2,011)
7D6E6C (-0,898 | -1,672)
009170 (-0,469 | -3,073)
CA388F (-0,707 | -3,214)
364B4F (-1,958 | -2,284)
E8BA60 (-0,428 | -1,965)
BF5A4C (-0,022 | -2,004)
38E5A7 (0,096 | -1,998)
8B9AC3 (-0,168 | -1,544)
45F2D3 (-1,043 | -1,601)
544C8C (-1,147 | -1,559)
AAEC0C (-1,219 | -1,556)
3C08F2 (-1,018 | -1,316)
DB3EF1 (0,141 | -2,550)
E2739B (-1,851 | -2,049)
EF6057 (-1,566 | -1,746)
3D6813 (-1,664 | -1,645)
A8E9BE (0,070 | -2,239)
7D4277 (0,093 | -1,638)
CA1F46 (0,413 | -2,216)
7C85B6 (0,004 | -1,467)
4E40DC (0,130 | -1,397)
09E890 (-0,101 | -1,178)
29989C (-1,399 | -1,469)
4263C1 (-1,507 | -1,442)
EAE291 (-1,061 | -1,277)
3A93EB (-0,956 | -1,121)
FEFF12 (0,703 | -2,463)
032FFF (0,285 | -1,522)
0A1C2C (0,013 | -1,119)
14DE5B (-0,050 | -1,153)
3C1F3F (-0,014 | -1,020)
6C5AAB (-0,186 | -0,949)
E83094 (-1,237 | -1,117)
A8D263 (-0,734 | -1,048)
C46B69 (1,244 | -2,411)
E9D83F (0,650 | -1,349)
E9B640 (0,166 | -1,047)
E210B3 (0,030 | -0,950)
AEF418 (-0,006 | -0,847)
3E2D74 (-0,248 | -0,954)
FDE28C (-0,158 | -0,793)
3D3564 (-0,278 | -0,802)
BD6726 (-0,095 | -0,798)
11DC56 (-1,511 | -0,891)
1C735C (-0,794 | -0,855)
52C303 (-0,805 | -0,803)
3681E8 (-0,506 | -1,230)
35D3C1 (1,363 | -2,285)
670125 (1,024 | -1,669)
084FFA (0,965 | -1,605)
F3C026 (0,726 | -1,397)
E44015 (0,732 | -1,270)
68C813 (0,751 | -1,436)
F5473A (0,620 | -1,045)
88A52C (0,296 | -0,975)
743939 (-0,370 | -1,004)
DDF2A8 (-0,151 | -0,741)
8C62AC (-0,159 | -0,645)
7D1B5E (-0,314 | -0,662)
0AE375 (-0,076 | -0,652)
815F84 (-1,457 | -0,612)
2DD82C (-1,862 | -0,956)
B22148 (-1,816 | -0,620)
A51F71 (-0,868 | -0,585)
1816DD (-0,736 | -0,544)
9E6570 (0,841 | -1,615)
05CD8F (1,016 | -1,478)
87994C (0,711 | -1,002)
DF7A5A (0,653 | -0,810)
E36096 (0,437 | -0,851)
BB3C9F (0,313 | -0,822)
C23CA0 (0,332 | -0,791)
6B33E5 (-0,078 | -0,645)
2BA4F0 (-0,071 | -0,534)
EC53C2 (-0,390 | -0,614)
C48D59 (-0,374 | -0,589)
F492FF (-0,300 | -0,550)
D1E41E (-0,053 | -0,540)
58D260 (-1,372 | -0,463)
8022D2 (-1,443 | -0,385)
642917 (-1,206 | -0,523)
8E4E36 (-1,278 | -0,411)
078049 (-1,963 | -0,853)
76B41F (-1,936 | -0,805)
CA7467 (-0,708 | -0,530)
411241 (-1,037 | -0,614)
CEB0BE (-0,630 | -0,470)
C51B38 (-0,600 | -0,575)
40A1E2 (0,660 | -1,728)
AD2D04 (0,945 | -1,079)
AC0FB4 (0,787 | -0,748)
A5F713 (0,670 | -0,709)
2588FF (0,827 | -0,728)
1D052A (0,392 | -0,694)
3C2B70 (0,254 | -0,775)
6F5A0C (-0,002 | -0,494)
46E133 (-0,417 | -0,506)
C82EDC (-0,318 | -0,481)
8D91F6 (-0,250 | -0,489)
56086B (-1,555 | -0,318)
105EA2 (-1,183 | -0,522)
8F5797 (-1,235 | -0,279)
75677D (-2,148 | -0,477)
0AD9E5 (-0,569 | -0,562)
73E033 (-1,029 | -0,332)
1A3AA3 (-0,511 | -0,637)
87938F (0,660 | -1,752)
AB041B (0,899 | -0,790)
D159DA (0,893 | -0,741)
5C9457 (0,538 | -0,624)
B8A63C (0,817 | -0,623)
90E0A9 (0,419 | -0,556)
6772C7 (0,065 | -0,511)
2FA9FE (0,059 | -0,587)
B14799 (-0,301 | -0,434)
784B45 (-1,132 | -0,208)
B8EA8D (-1,215 | -0,119)
95DB72 (-2,166 | -0,459)
8871DE (-2,161 | -0,444)
966D37 (-2,279 | -0,469)
70327D (-2,450 | -0,334)
0BFAB0 (-0,925 | -0,226)
CEB08C (-0,501 | -0,750)
72C576 (0,580 | -0,574)
1CB48A (0,600 | -0,560)
0C6CEA (0,510 | -0,518)
CAF28F (0,786 | -0,504)
F04976 (0,374 | -0,520)
57E829 (0,364 | -0,476)
70E9C4 (0,472 | -0,472)
82CA5F (0,195 | -0,544)
917B40 (-0,395 | -0,363)
021238 (-1,092 | 0,027)
25FFAD (-1,296 | 0,082)
194A6A (-0,797 | -0,129)
0FE2DF (-0,742 | -0,290)
5E5506 (0,682 | -0,436)
815DD5 (0,772 | -0,477)
8913C6 (0,910 | -0,400)
422B4E (0,323 | -0,408)
CEB465 (0,405 | -0,378)
7CE987 (0,232 | -0,500)
A04283 (-0,415 | -0,319)
1CA548 (-0,423 | -0,306)
32D9BC (-0,310 | -0,310)
B57986 (-1,063 | 0,042)
413A1D (-1,033 | 0,080)
AB71E2 (-0,915 | 0,012)
58FFE0 (-1,416 | 0,137)
8C76F2 (-1,298 | 0,276)
F02ACB (-0,750 | -0,048)
15C5A4 (-0,707 | -0,187)
CF31B3 (-0,674 | -0,137)
505DAC (-0,651 | -0,082)
68EFBC (-0,674 | -0,321)
6C8BCC (-0,639 | -0,208)
B9C46A (0,986 | -0,402)
E3F875 (0,968 | -0,340)
349A5A (0,242 | -0,329)
80562A (0,355 | -0,258)
5873DF (-0,442 | -0,202)
5933DA (-0,292 | -0,290)
9298C1 (-1,031 | 0,215)
FF6328 (-1,544 | 0,306)
4A2D95 (-1,383 | 0,437)
E199BD (-0,565 | -0,064)
2C2D29 (-0,566 | -0,051)
228EC1 (1,126 | -0,470)
2FD374 (1,006 | -0,237)
8DFC12 (0,895 | -0,238)
CA9711 (0,234 | -0,253)
1B0DF7 (0,192 | -0,249)
84AB33 (0,384 | -0,205)
9EFCB5 (-0,496 | -0,159)
ECABE2 (-0,531 | -0,093)
805F6B (-0,283 | -0,183)
AE474E (-0,862 | 0,312)
5F6F20 (-1,695 | 0,534)
EBDE63 (-1,137 | 0,542)
AF8E09 (1,165 | -0,503)
E4F4EF (1,197 | -0,592)
909545 (1,109 | -0,141)
DD5FAB (0,745 | -0,131)
B82DD3 (0,092 | -0,241)
14C7FE (0,230 | -0,108)
5AFE4A (0,365 | -0,064)
CE0FFC (-0,243 | -0,152)
D64DF8 (-0,785 | 0,407)
1D73B6 (-0,787 | 0,201)
8A50BB (-0,680 | 0,416)
5C1A13 (-1,667 | 0,652)
7E8E28 (-2,108 | 0,461)
E99803 (-0,913 | 0,699)
98F48A (-0,861 | 0,551)
F57266 (-1,105 | 0,821)
DEB2BD (1,222 | 0,033)
9C2DB2 (0,613 | -0,108)
87262C (0,597 | -0,102)
D455A9 (0,511 | -0,025)
E133CD (0,026 | -0,348)
6F99E6 (0,102 | -0,370)
A01762 (0,176 | -0,077)
5BD7C9 (0,147 | -0,075)
FED90B (0,420 | 0,060)
3F939E (0,458 | 0,045)
724D95 (-0,062 | -0,133)
48B20D (-0,758 | 0,573)
23145E (-0,699 | 0,177)
EE486F (-0,621 | 0,245)
F1CF2F (-0,597 | 0,231)
E8D04C (-0,509 | 0,360)
846A82 (-1,320 | 0,932)
E3C33E (-2,020 | 0,176)
542B5B (-2,170 | 0,076)
F8BFA2 (-1,913 | 0,107)
4F1117 (-0,957 | 0,851)
16B0BA (-0,786 | 0,594)
0F2D95 (-0,991 | 0,852)
BFF07A (1,091 | 0,109)
C19EF0 (1,199 | 0,198)
4DEA1F (1,487 | -0,011)
847113 (0,448 | 0,074)
063D2D (-0,099 | -0,300)
72E4E3 (0,056 | -0,022)
811192 (0,242 | 0,052)
2EEF96 (0,044 | 0,002)
7B8520 (0,481 | 0,161)
05C897 (-0,053 | -0,163)
C1ABEC (-0,506 | 0,203)
7EF30C (-0,533 | 0,296)
99B213 (-0,487 | 0,433)
17332E (-0,427 | 0,413)
0E284C (-1,009 | 1,113)
393807 (-2,009 | 0,015)
B61404 (-2,073 | -0,065)
BFDD9C (-2,047 | -0,078)
1B6C0B (-0,938 | 1,102)
F3F8C9 (1,084 | 0,357)
317FEC (1,265 | 0,507)
027A0D (1,517 | -0,041)
F347F9 (1,583 | 0,200)
96A8F3 (1,538 | -0,275)
E5B98E (0,024 | 0,060)
CBB824 (0,072 | 0,088)
DEA14A (-0,067 | 0,054)
0C802C (0,440 | 0,242)
D5B408 (-0,423 | 0,133)
FCF442 (-0,490 | 0,569)
87A7B5 (-0,963 | 1,332)
6E1CA5 (-0,781 | 1,109)
8E036A (-0,765 | 1,088)
E0BD0D (0,965 | 0,544)
AD7B87 (0,879 | 0,450)
3EF25C (1,291 | 0,700)
5C3DEB (1,077 | 0,605)
715E00 (1,213 | 0,799)
9E4AD1 (1,480 | -0,291)
F39C36 (1,627 | 0,330)
401BBE (1,826 | 0,009)
87060C (1,440 | -0,320)
6CEB24 (1,533 | -0,493)
B945AC (-0,027 | 0,115)
FAFB6B (-0,084 | 0,065)
91B67D (0,604 | 0,264)
C52D88 (-0,343 | 0,256)
8EF4F9 (-0,290 | 0,271)
ED84F0 (-0,253 | 0,223)
841A56 (-0,493 | 0,655)
8C3EF2 (-0,527 | 0,747)
2A6496 (-1,025 | 1,431)
30BC51 (-0,824 | 1,405)
7A4762 (-0,678 | 1,216)
0A9711 (0,817 | 0,506)
E42339 (1,012 | 0,697)
C30E79 (0,705 | 0,446)
A07114 (0,701 | 0,459)
FB849E (0,974 | 0,794)
36884B (1,549 | -0,510)
A87A1D (1,838 | 0,476)
7B1953 (0,639 | 0,214)
F5FA69 (0,672 | 0,277)
2FCEE5 (-0,198 | 0,262)
D2B2A5 (-0,209 | 0,313)
176901 (-0,474 | 0,828)
4935C0 (-1,076 | 1,536)
98B46A (-0,844 | 1,531)
F4231F (-0,701 | 1,329)
89526D (-0,679 | 1,478)
C6066B (-0,533 | 1,267)
92C9A9 (0,846 | 0,687)
FE8EEB (0,917 | 0,965)
92EBE4 (2,045 | 0,339)
3D649E (2,252 | 0,299)
AF103E (-0,148 | 0,298)
BB0FBD (-0,155 | 0,329)
A780CE (-0,240 | 0,907)
D14391 (-0,893 | 1,622)
8E554E (-0,841 | 1,692)
9FDB1B (-0,525 | 1,420)
3C88BA (-0,519 | 1,521)
F03E4A (-0,489 | 1,142)
CE37B5 (-0,451 | 1,122)
91C5DE (0,844 | 0,996)
A46B17 (0,864 | 1,047)
677562 (2,450 | 0,039)
55D4DA (-0,128 | 0,406)
93B1B7 (-0,040 | 0,856)
51F704 (-0,009 | 0,851)
A3E81C (-0,070 | 0,731)
DAEC32 (-0,806 | 1,880)
0ED0F9 (1,052 | 1,226)
AAE3A9 (2,218 | -0,465)
6442BD (-0,139 | 0,446)
FBF061 (-0,056 | 0,370)
9C7A0A (0,018 | 0,806)
AAFE5A (0,039 | 0,865)
6DD7E6 (-0,040 | 0,753)
49FA71 (-1,124 | 1,832)
F5B9B1 (1,038 | 1,380)
E59F76 (1,229 | 1,311)
7D6E1F (1,206 | 1,055)
AE4C06 (1,689 | -0,770)
482E28 (-0,123 | 0,577)
976F81 (0,028 | 0,418)
71423B (1,141 | 1,558)
2FF331 (0,810 | 1,456)
A1CBD8 (1,528 | -0,754)
842DDB (1,740 | -1,010)
D39E1B (1,443 | -0,864)
34070F (-0,200 | 0,598)
11A6E2 (0,163 | 0,311)
8D8CDA (1,450 | 1,701)
D6B665 (0,770 | 1,377)
01FE8B (0,776 | 1,372)
88F071 (0,703 | 1,433)
173037 (1,629 | -1,149)
2C441B (1,703 | -1,209)
A8B8FC (1,470 | -1,024)
27DD22 (1,396 | -1,056)
28A383 (1,279 | -1,012)
F98EF6 (0,212 | 0,485)
2A83D7 (1,368 | 1,822)
9480E5 (1,811 | 1,735)
630D24 (1,398 | 2,089)
82DE33 (0,427 | 1,455)
2FD756 (1,465 | -1,163)
645103 (1,733 | -1,495)
F5A15C (0,188 | 0,590)
C7DC5B (0,307 | 0,559)
B0D1E4 (0,360 | 0,470)
446487 (0,308 | 0,625)
C0AD8C (0,978 | 1,943)
9613E8 (1,917 | 1,667)
402D34 (1,803 | 1,470)
0B2295 (0,342 | 1,425)
427AAA (0,223 | 1,225)
15504F (0,303 | 1,126)
34F77F (0,211 | 0,664)
FEFE46 (0,167 | 0,694)
4A6853 (0,202 | 0,703)
F69C4B (0,477 | 0,440)
BC0114 (0,309 | 0,720)
51EB9C (0,862 | 1,890)
4A1D66 (0,770 | 2,294)
942B61 (0,494 | 0,876)
0CE650 (0,144 | 0,772)
D836C8 (0,090 | 0,666)
D055F1 (0,564 | 0,616)
AF9F69 (0,537 | 1,994)
A09541 (0,422 | 2,237)
F040C2 (0,469 | 0,775)
F3A489 (0,652 | 0,717)
BD463A (0,062 | 0,697)
5145F4 (0,008 | 2,353)
D56FCC (-0,199 | 2,238)
E0D129 (-0,224 | 2,695)
037131 (-0,422 | 2,234)
A7F70A (-0,283 | 1,819)
17F4C8 (-0,189 | 1,790)
F1B798 (-0,691 | 2,669)
D55B05 (-0,339 | 1,732)
1B6E06 (-0,090 | 1,623)
02B472 (0,152 | 1,733)
1CDC36 (-0,766 | 2,896)
26F33A (-0,238 | 1,419)
